94.24 884
94.5 884
94.75 884
95.06 884
95.44 884
95.71 884
96 884
96.24 885
96.53 885
96.82 885
97.04 886
97.29 886
97.54 886
97.84 886
98.01 887
98.34 887
98.6 887
98.9 887
99.2 888
99.4 888
99.69 888
99.99 888
100.23 889
100.45 889
100.74 889
101.02 889
101.23 889
101.51 889
101.78 889
102 890
102.28 890
102.49 890
102.65 890
102.97 890
103.22 890
103.45 890
103.72 890
104 890
104.22 891
104.47 891
104.8 891
105 891
105.24 891
105.41 891
105.6 891
106 892
106.23 892
106.45 892
106.73 892
107.01 892
107.21 892
107.48 892
107.74 892
108 893
108.32 893
108.58 893
108.84 893
109.13 894
109.36 894
109.53 894
109.81 894
110.03 895
110.41 895
110.5 895
110.74 895
111.23 895
111.56 895
111.85 896
112.08 896
112.31 896
112.55 896
112.78 896
113.02 896
113.22 897
113.5 897
113.71 897
113.93 897
114.22 897
114.5 897
114.73 898
114.98 898
115.32 898
115.39 898
115.66 898
115.95 898
116.22 899
116.43 899
116.62 899
117.23 899
117.31 899
117.45 900
117.73 900
118.02 900
118.27 900
118.59 900
118.79 900
118.99 901
119.49 901
119.77 901
120.01 901
120.17 902
120.52 902
120.77 902
121.26 902
121.48 902
121.77 902
121.87 902
122 903
122.17 903
122.5 903
122.78 903
123.04 903
123.27 903
123.42 903
123.72 903
123.96 903
124.18 904
124.43 904
124.75 904
125.07 904
125.27 904
125.52 904
125.75 904
125.94 904
126.15 905
126.26 905
126.52 905
126.72 905
126.98 905
127.11 905
127.38 905
127.6 905
127.94 905
128.05 906
128.29 906
128.51 906
128.69 906
128.96 906
129.17 906
129.45 906
129.53 906
130.23 907
130.54 907
130.78 907
130.89 907
131.06 907
131.25 907
131.64 907
132.15 907
132.33 907
132.63 907
132.8 907
133.08 907
133.38 907
133.6 907
133.82 908
134.19 908
134.27 908
134.49 908
134.63 908
134.98 908
135.21 908
135.42 908
135.67 908
135.95 908
136.23 908
136.46 908
136.64 908
136.94 908
137.14 909
137.37 909
137.63 909
137.79 909
138.02 909
138.31 909
138.55 909
138.74 909
138.97 909
139.29 909
139.53 909
139.74 909
140.08 910
140.4 910
140.7 910
140.92 910
141.12 910
141.44 910
141.64 910
141.78 910
141.93 910
142.23 910
142.45 910
142.56 910
142.92 910
143.16 910
143.53 910
143.68 910
143.94 910
144.17 910
144.43 910
144.7 910
144.88 910
145.01 910
145.25 910
145.39 910
145.66 910
145.91 910
146.2 911
146.43 911
146.71 911
146.91 911
147.32 911
147.52 911
147.71 911
147.99 911
148.12 911
148.41 911
148.76 911
148.92 911
149.12 911
149.2 911
149.56 911
149.73 911
149.97 911
150.1 912
150.44 912
150.67 912
150.91 912
151.08 912
151.4 912
151.59 912
151.78 912
152.02 912
152.29 912
152.5 912
152.73 912
152.95 912
153.29 912
153.52 912
153.81 912
153.99 912
154.28 912
154.49 912
154.78 912
154.99 912
155.18 912
155.45 912
155.68 912
155.94 912
156.16 913
156.32 913
156.62 913
157.04 913
157.14 913
157.3 913
157.51 913
157.77 913
158 913
158.12 913
158.25 913
158.47 913
158.67 913
158.78 913
159 913
159.3 913
159.52 913
159.72 913
159.98 913
160.16 914
160.46 914
160.74 914
161.03 914
161.3 914
161.54 914
161.72 914
161.96 914
162.24 914
162.5 914
162.76 914
163.04 914
163.29 914
163.55 914
163.78 914
164 914
164.2 914
164.38 914
164.7 914
164.9 914
165.12 914
165.3 914
165.44 914
165.7 914
165.88 914
166.13 914
166.45 914
166.68 914
166.96 914
167.24 914
167.45 914
167.66 914
168.04 914
168.22 914
168.51 914
168.78 914
169.05 914
169.28 914
169.56 914
169.68 914
170 915
170.24 915
170.49 915
170.68 915
170.84 915
171.1 915
171.39 915
171.63 915
171.95 915
172.19 915
172.43 915
172.74 915
172.92 915
173.12 915
173.36 915
173.56 915
173.78 915
174.06 915
174.28 915
174.47 915
174.7 915
175.12 915
175.38 915
175.55 915
175.78 915
175.94 915
176.19 915
176.4 915
176.63 915
176.87 915
177.08 915
177.38 915
177.67 915
177.84 915
178.13 915
178.32 915
178.56 915
178.78 915
178.95 915
179.09 915
179.48 915
179.92 915
180.27 916
180.39 916
180.69 916
180.95 916
181.14 916
181.43 916
181.63 916
181.93 916
182.14 916
182.34 916
182.64 916
182.84 916
183.1 916
183.38 916
183.64 916
183.77 916
183.92 916
184.15 916
184.53 916
184.74 916
185.04 916
185.19 916
185.4 916
185.61 916
185.9 916
185.98 916
186.2 916
186.46 916
186.7 916
186.95 916
187.14 916
187.5 916
187.66 916
187.86 916
188.1 916
188.32 916
188.56 916
188.72 916
189.06 916
189.3 916
189.54 916
189.72 916
189.94 916
190.24 916
190.34 916
190.66 916
190.9 916
191.1 916
191.31 916
191.54 916
191.78 916
191.92 916
192.15 916
192.35 916
192.76 916
192.9 916
193.26 916
193.57 916
193.8 916
194.03 916
194.25 916
194.43 916
194.72 916
194.95 916
195.19 916
195.37 916
195.59 916
195.83 916
196.11 916
196.38 916
196.58 916
196.91 916
197.08 916
197.28 916
197.54 916
197.76 916
197.98 916
198.09 916
198.36 916
198.56 916
198.88 916
199 916
199.22 916
199.44 916
199.62 916
199.9 916

